a2001,3389.00,3460.00,3380.00,3457.00,3376.00,219960.00,118802.00
a2003,3462.00,3517.00,3446.00,3505.00,3444.00,62.00,128.00
a2005,3693.00,3810.00,3689.00,3804.00,3684.00,147890.00,127520.00
a2007,3812.00,3812.00,3808.00,3810.00,3735.00,14.00,52.00
a2009,3779.00,3873.00,3766.00,3872.00,3761.00,6546.00,15650.00
a2011,3850.00,3850.00,3850.00,3850.00,3782.00,6.00,6.00
ag1912,4097.00,4113.00,4092.00,4101.00,4102.00,12744.00,94600.00
ag2001,4110.00,4129.00,4109.00,4117.00,4119.00,960.00,3222.00
ag2002,4125.00,4144.00,4122.00,4128.00,4134.00,905518.00,561152.00
ag2003,4143.00,4143.00,4137.00,4137.00,4138.00,10.00,392.00
ag2004,4148.00,4169.00,4148.00,4155.00,4159.00,59210.00,226350.00
ag2005,4177.00,4177.00,4174.00,4174.00,4175.00,4.00,472.00
ag2006,4175.00,4198.00,4175.00,4183.00,4187.00,125962.00,316946.00
ag2007,4204.00,4218.00,4194.00,4198.00,4202.00,976.00,828.00
ag2008,4215.00,4215.00,4203.00,4203.00,4208.00,10.00,1156.00
ag2009,4225.00,4225.00,4225.00,4225.00,4225.00,2.00,148.00
ag2010,4249.00,4249.00,4248.00,4248.00,4248.00,8.00,150.00
ag2011,4253.00,4253.00,4253.00,4253.00,4253.00,2.00,20.00
al1912,14010.00,14055.00,13970.00,14035.00,14030.00,20590.00,77510.00
al2001,13955.00,13995.00,13915.00,13945.00,13950.00,126094.00,203396.00
al2002,13870.00,13915.00,13845.00,13855.00,13875.00,68232.00,169802.00
al2003,13860.00,13895.00,13820.00,13820.00,13855.00,16538.00,92672.00
al2004,13850.00,13900.00,13830.00,13840.00,13865.00,2452.00,41474.00
al2005,13890.00,13905.00,13800.00,13800.00,13870.00,924.00,19492.00
al2006,13880.00,13905.00,13860.00,13860.00,13875.00,90.00,11046.00
al2007,13925.00,13925.00,13925.00,13925.00,13925.00,2.00,2490.00
al2008,13925.00,13935.00,13855.00,13865.00,13890.00,28.00,450.00
al2009,0.00,0.00,0.00,13920.00,13920.00,0.00,408.00
al2010,14140.00,14140.00,13920.00,13920.00,14030.00,4.00,378.00
al2011,0.00,0.00,0.00,13900.00,13900.00,0.00,6.00
AP001,8208.00,8296.00,8185.00,8289.00,8248.00,263340.00,129736.00
AP003,7933.00,7945.00,7896.00,7941.00,7927.00,2574.00,14632.00
AP005,7900.00,7912.00,7851.00,7909.00,7883.00,29720.00,52338.00
AP007,8039.00,8058.00,7993.00,8057.00,8026.00,448.00,4586.00
AP010,7991.00,8019.00,7978.00,8009.00,7992.00,690.00,4046.00
AP011,7860.00,7870.00,7830.00,7860.00,7846.00,34.00,1004.00
AP912,8601.00,8900.00,8601.00,8797.00,8797.00,738.00,134.00
au1912,331.30,332.75,331.05,332.30,332.15,2436.00,6534.00
au2001,332.95,334.75,332.95,333.60,333.65,76.00,226.00
au2002,333.20,335.00,333.20,334.20,334.30,268800.00,138620.00
au2004,334.75,336.25,334.50,335.35,335.35,14028.00,81480.00
au2006,335.85,337.70,335.80,336.85,336.90,91672.00,193232.00
au2008,337.20,338.60,337.15,338.15,337.85,1278.00,2570.00
au2010,0.00,0.00,0.00,338.05,338.05,0.00,58.00
au2012,340.20,341.05,339.85,340.50,340.45,68.00,292.00
b1912,0.00,0.00,0.00,3157.00,2989.00,0.00,2002.00
b2001,3150.00,3177.00,3150.00,3177.00,3164.00,38612.00,31602.00
b2002,3141.00,3169.00,3121.00,3159.00,3168.00,181320.00,263362.00
b2003,3136.00,3162.00,3125.00,3161.00,3164.00,6510.00,1328.00
b2004,0.00,0.00,0.00,3057.00,3077.00,0.00,0.00
b2005,3151.00,3164.00,3138.00,3163.00,3158.00,3260.00,7052.00
b2006,0.00,0.00,0.00,3179.00,3179.00,0.00,4.00
b2007,0.00,0.00,0.00,3178.00,3184.00,0.00,12.00
b2008,0.00,0.00,0.00,3169.00,3169.00,0.00,0.00
b2009,3197.00,3221.00,3188.00,3216.00,3226.00,268.00,536.00
b2010,0.00,0.00,0.00,3299.00,3299.00,0.00,0.00
b2011,3299.00,3299.00,3299.00,3299.00,3177.00,2.00,8.00
bb1912,0.00,0.00,0.00,166.70,166.70,0.00,0.00
bb2001,0.00,0.00,0.00,158.00,158.00,0.00,0.00
bb2002,0.00,0.00,0.00,159.00,159.00,0.00,0.00
bb2003,0.00,0.00,0.00,165.60,165.60,0.00,0.00
bb2004,0.00,0.00,0.00,164.95,164.95,0.00,0.00
bb2005,0.00,0.00,0.00,165.60,165.60,0.00,0.00
bb2006,0.00,0.00,0.00,165.60,165.60,0.00,0.00
bb2007,0.00,0.00,0.00,165.60,165.60,0.00,0.00
bb2008,0.00,0.00,0.00,165.60,165.60,0.00,0.00
bb2009,0.00,0.00,0.00,165.60,165.60,0.00,0.00
bb2010,0.00,0.00,0.00,165.60,165.60,0.00,0.00
bb2011,0.00,0.00,0.00,165.60,165.60,0.00,0.00
bu1912,3068.00,3090.00,3064.00,3076.00,3078.00,18046.00,46426.00
bu2001,2946.00,2970.00,2942.00,2962.00,2952.00,1084.00,2376.00
bu2002,0.00,0.00,0.00,3018.00,3018.00,0.00,18.00
bu2003,0.00,0.00,0.00,2920.00,2920.00,0.00,114.00
bu2004,0.00,0.00,0.00,2942.00,2942.00,0.00,0.00
bu2005,2932.00,2992.00,2926.00,2952.00,2954.00,136.00,52.00
bu2006,2944.00,2950.00,2920.00,2934.00,2930.00,306116.00,334344.00
bu2009,2884.00,2888.00,2864.00,2878.00,2872.00,458.00,6422.00
bu2012,2840.00,2850.00,2824.00,2838.00,2836.00,456.00,6102.00
bu2103,0.00,0.00,0.00,2836.00,2836.00,0.00,30.00
bu2106,2814.00,2824.00,2810.00,2810.00,2814.00,36.00,1150.00
bu2109,2828.00,2828.00,2824.00,2824.00,2826.00,6.00,68.00
c2001,1823.00,1833.00,1822.00,1831.00,1824.00,355920.00,652362.00
c2003,1848.00,1850.00,1839.00,1849.00,1846.00,130888.00,610798.00
c2005,1890.00,1898.00,1887.00,1898.00,1893.00,492774.00,1118494.00
c2007,1923.00,1927.00,1917.00,1927.00,1921.00,642.00,9432.00
c2009,1947.00,1957.00,1945.00,1955.00,1951.00,29740.00,136432.00
c2011,1965.00,1971.00,1959.00,1968.00,1968.00,2132.00,1830.00
CF001,12630.00,12690.00,12455.00,12530.00,12590.00,272868.00,420884.00
CF003,12875.00,12950.00,12710.00,12795.00,12840.00,15110.00,35088.00
CF005,13090.00,13165.00,12925.00,12995.00,13055.00,431250.00,656364.00
CF007,13245.00,13245.00,13080.00,13095.00,13145.00,116.00,7252.00
CF009,13525.00,13600.00,13360.00,13430.00,13485.00,8370.00,69440.00
CF011,13845.00,13920.00,13700.00,13795.00,13845.00,404.00,1402.00
CJ001,10935.00,10995.00,10925.00,10950.00,10965.00,30822.00,31828.00
CJ003,10860.00,10950.00,10860.00,10940.00,10880.00,484.00,4696.00
CJ005,10890.00,10935.00,10880.00,10900.00,10905.00,23006.00,46004.00
CJ007,10880.00,10910.00,10870.00,10885.00,10885.00,36.00,1150.00
CJ009,10875.00,10905.00,10870.00,10890.00,10885.00,306.00,2440.00
CJ912,11345.00,11345.00,11345.00,11345.00,11345.00,2.00,156.00
cs2001,2190.00,2217.00,2185.00,2216.00,2191.00,170192.00,166522.00
cs2003,0.00,0.00,0.00,2225.00,2225.00,0.00,202.00
cs2005,2242.00,2267.00,2242.00,2267.00,2251.00,23568.00,68246.00
cs2007,0.00,0.00,0.00,2299.00,2299.00,0.00,0.00
cs2009,2314.00,2325.00,2314.00,2325.00,2317.00,304.00,856.00
cs2011,0.00,0.00,0.00,2358.00,2358.00,0.00,0.00
cu1912,47100.00,47150.00,46980.00,47020.00,47030.00,35900.00,67870.00
cu2001,47250.00,47250.00,47040.00,47080.00,47100.00,93878.00,197074.00
cu2002,47320.00,47320.00,47120.00,47140.00,47190.00,74768.00,146604.00
cu2003,47390.00,47390.00,47190.00,47220.00,47260.00,19794.00,54418.00
cu2004,47430.00,47430.00,47280.00,47330.00,47330.00,1250.00,19356.00
cu2005,47520.00,47530.00,47350.00,47410.00,47410.00,1278.00,21636.00
cu2006,47500.00,47590.00,47440.00,47500.00,47490.00,170.00,2398.00
cu2007,47600.00,47630.00,47550.00,47570.00,47580.00,68.00,1162.00
cu2008,47660.00,47760.00,47650.00,47670.00,47690.00,70.00,1158.00
cu2009,47750.00,47780.00,47750.00,47770.00,47760.00,50.00,574.00
cu2010,47860.00,47860.00,47830.00,47860.00,47840.00,86.00,380.00
cu2011,47940.00,47940.00,47840.00,47900.00,47910.00,40.00,256.00
CY001,20630.00,20705.00,20455.00,20545.00,20600.00,3230.00,2976.00
CY002,0.00,0.00,0.00,0.00,20760.00,0.00,0.00
CY003,0.00,0.00,0.00,0.00,19920.00,0.00,2.00
CY004,0.00,0.00,0.00,0.00,19575.00,0.00,0.00
CY005,21060.00,21170.00,20900.00,20970.00,21055.00,4590.00,5392.00
CY006,0.00,0.00,0.00,0.00,20665.00,0.00,2.00
CY007,0.00,0.00,0.00,0.00,20550.00,0.00,2.00
CY008,0.00,0.00,0.00,0.00,21135.00,0.00,0.00
CY009,0.00,0.00,0.00,0.00,21770.00,0.00,0.00
CY010,0.00,0.00,0.00,0.00,20980.00,0.00,0.00
CY011,0.00,0.00,0.00,0.00,20920.00,0.00,0.00
CY912,0.00,0.00,0.00,0.00,22030.00,0.00,0.00
eb2004,7069.00,7195.00,7062.00,7165.00,7074.00,198.00,3692.00
eb2005,7055.00,7191.00,7053.00,7167.00,7069.00,191566.00,183236.00
eb2006,0.00,0.00,0.00,7117.00,7117.00,0.00,40.00
eb2007,0.00,0.00,0.00,7138.00,7100.00,0.00,36.00
eb2008,0.00,0.00,0.00,7093.00,7093.00,0.00,18.00
eb2009,7103.00,7182.00,7071.00,7166.00,7074.00,656.00,7386.00
eb2010,0.00,0.00,0.00,7110.00,7110.00,0.00,0.00
eb2011,0.00,0.00,0.00,7110.00,7110.00,0.00,0.00
eg1912,0.00,0.00,0.00,4635.00,4635.00,0.00,40.00
eg2001,4651.00,4800.00,4651.00,4752.00,4623.00,1089662.00,315804.00
eg2002,4650.00,4686.00,4593.00,4631.00,4571.00,30.00,24.00
eg2003,4609.00,4609.00,4609.00,4609.00,4571.00,6.00,38.00
eg2004,4609.00,4609.00,4609.00,4609.00,4559.00,2.00,114.00
eg2005,4475.00,4528.00,4471.00,4514.00,4467.00,285104.00,299068.00
eg2006,4520.00,4578.00,4520.00,4553.00,4501.00,84.00,3400.00
eg2007,0.00,0.00,0.00,4500.00,4500.00,0.00,2526.00
eg2008,0.00,0.00,0.00,4521.00,4521.00,0.00,2.00
eg2009,4481.00,4559.00,4481.00,4552.00,4515.00,1570.00,7828.00
eg2010,0.00,0.00,0.00,4510.00,4510.00,0.00,4.00
eg2011,0.00,0.00,0.00,4510.00,4510.00,0.00,0.00
fb1912,0.00,0.00,0.00,96.50,96.50,0.00,0.00
fb2001,1491.00,1558.50,1445.00,1445.00,1521.00,366.00,160.00
fb2002,1640.00,1640.00,1411.50,1517.50,1521.00,8.00,0.00
fb2003,0.00,0.00,0.00,1455.00,1521.00,0.00,0.00
fb2004,0.00,0.00,0.00,1507.50,1521.00,0.00,0.00
fb2005,1478.00,1480.00,1409.50,1409.50,1483.50,16272.00,4144.00
fb2006,0.00,0.00,0.00,1484.00,1484.00,0.00,0.00
fb2007,0.00,0.00,0.00,1484.00,1484.00,0.00,0.00
fb2008,0.00,0.00,0.00,1421.50,1484.00,0.00,0.00
fb2009,1426.00,1433.00,1426.00,1426.00,1550.00,8.00,8.00
fb2010,0.00,0.00,0.00,1484.00,1484.00,0.00,0.00
fb2011,1366.00,1489.50,1365.50,1385.00,1484.00,30.00,8.00
FG001,1466.00,1472.00,1464.00,1469.00,1468.00,126190.00,343456.00
FG002,0.00,0.00,0.00,0.00,1443.00,0.00,1148.00
FG003,0.00,0.00,0.00,0.00,1436.00,0.00,1924.00
FG004,0.00,0.00,0.00,0.00,1424.00,0.00,4.00
FG005,1410.00,1410.00,1402.00,1406.00,1406.00,41340.00,203332.00
FG006,1402.00,1402.00,1402.00,1402.00,1402.00,8.00,110.00
FG007,0.00,0.00,0.00,0.00,1406.00,0.00,4.00
FG008,0.00,0.00,0.00,0.00,1408.00,0.00,4.00
FG009,1387.00,1390.00,1385.00,1389.00,1387.00,2350.00,33460.00
FG010,0.00,0.00,0.00,0.00,1364.00,0.00,50.00
FG011,0.00,0.00,0.00,0.00,1375.00,0.00,8.00
FG912,0.00,0.00,0.00,0.00,1596.00,0.00,2036.00
fu2001,1793.00,1799.00,1765.00,1792.00,1783.00,228150.00,337834.00
fu2002,1813.00,1830.00,1813.00,1830.00,1819.00,10.00,360.00
fu2003,1796.00,1820.00,1791.00,1812.00,1804.00,110948.00,182586.00
fu2004,1811.00,1855.00,1811.00,1848.00,1836.00,48676.00,135712.00
fu2005,1865.00,1898.00,1861.00,1889.00,1878.00,1659652.00,736616.00
fu2006,1898.00,1927.00,1893.00,1919.00,1907.00,37124.00,97476.00
fu2007,1930.00,1965.00,1930.00,1958.00,1947.00,20908.00,55426.00
fu2008,1964.00,1995.00,1964.00,1991.00,1985.00,2102.00,832.00
fu2009,2002.00,2031.00,1986.00,2029.00,2017.00,5342.00,17962.00
fu2010,2074.00,2075.00,2047.00,2063.00,2064.00,12.00,54.00
fu2011,0.00,0.00,0.00,2088.00,2088.00,0.00,14.00
fu2012,0.00,0.00,0.00,2105.00,2105.00,0.00,0.00
hc1912,0.00,0.00,0.00,3519.00,3519.00,0.00,60.00
hc2001,3615.00,3618.00,3576.00,3578.00,3592.00,245640.00,502302.00
hc2002,0.00,0.00,0.00,3525.00,3525.00,0.00,626.00
hc2003,0.00,0.00,0.00,3505.00,3505.00,0.00,806.00
hc2004,0.00,0.00,0.00,3577.00,3577.00,0.00,258.00
hc2005,3443.00,3443.00,3405.00,3407.00,3424.00,100822.00,320198.00
hc2006,0.00,0.00,0.00,3395.00,3395.00,0.00,242.00
hc2007,0.00,0.00,0.00,3396.00,3396.00,0.00,24.00
hc2008,0.00,0.00,0.00,3381.00,3381.00,0.00,0.00
hc2009,3342.00,3344.00,3334.00,3334.00,3340.00,6.00,538.00
hc2010,3319.00,3319.00,3281.00,3281.00,3302.00,5856.00,35448.00
hc2011,0.00,0.00,0.00,3240.00,3240.00,0.00,0.00
i1912,666.00,666.00,660.00,660.00,663.00,200.00,3402.00
i2001,651.50,654.50,646.00,651.50,640.50,855142.00,1032452.00
i2002,641.00,642.50,635.00,640.00,629.50,42190.00,140430.00
i2003,626.00,630.50,621.00,628.50,616.50,2516.00,19826.00
i2004,615.50,615.50,615.50,615.50,600.00,2.00,444.00
i2005,603.00,609.00,598.00,606.00,591.50,592866.00,720188.00
i2006,595.00,597.50,595.00,597.50,589.50,10.00,444.00
i2007,580.00,585.50,580.00,585.50,570.00,236.00,2446.00
i2008,574.00,574.00,573.00,573.00,570.50,6.00,410.00
i2009,558.50,564.00,557.50,562.00,551.50,30736.00,94278.00
i2010,552.50,556.00,548.50,556.00,544.50,6.00,96.00
i2011,543.50,550.00,543.50,547.00,540.50,460.00,1756.00
IC1912,4885.00,4925.80,4851.60,4924.80,4907.80,68556.00,105222.00
IC2001,4844.80,4888.00,4814.20,4888.00,4868.00,3677.00,7616.00
IC2003,4768.00,4814.60,4743.20,4814.40,4795.80,9268.00,37569.00
IC2006,4673.60,4716.20,4647.20,4715.60,4696.60,4398.00,19937.00
IF1912,3828.60,3858.00,3812.00,3856.60,3846.20,64798.00,87787.00
IF2001,3827.20,3853.00,3810.40,3853.00,3843.20,2745.00,4793.00
IF2003,3817.60,3849.00,3806.60,3849.00,3840.20,5023.00,16756.00
IF2006,3813.40,3838.00,3796.20,3838.00,3828.40,737.00,4053.00
IH1912,2891.60,2909.00,2875.20,2909.00,2905.00,24477.00,39789.00
IH2001,2887.80,2907.00,2873.00,2907.00,2902.40,1049.00,2046.00
IH2003,2889.20,2903.00,2872.20,2902.80,2900.20,2960.00,15711.00
IH2006,2877.00,2896.80,2866.00,2896.00,2894.00,728.00,3096.00
j1912,0.00,0.00,0.00,1744.00,1744.00,0.00,20.00
j2001,1855.00,1869.00,1846.00,1859.50,1839.00,238058.00,261386.00
j2002,0.00,0.00,0.00,1822.00,1821.50,0.00,516.00
j2003,0.00,0.00,0.00,1834.50,1834.50,0.00,8.00
j2004,0.00,0.00,0.00,1790.50,1790.50,0.00,8.00
j2005,1782.00,1797.00,1777.50,1781.00,1770.50,90864.00,137104.00
j2006,1761.50,1790.00,1761.50,1789.00,1779.00,42.00,4.00
j2007,0.00,0.00,0.00,1771.50,1771.50,0.00,530.00
j2008,0.00,0.00,0.00,1749.50,1749.50,0.00,4.00
j2009,1755.00,1771.00,1754.00,1758.50,1746.00,1914.00,11784.00
j2010,0.00,0.00,0.00,1764.00,1764.00,0.00,8.00
j2011,0.00,0.00,0.00,1793.50,1776.00,0.00,4.00
jd1912,4680.00,4800.00,4670.00,4760.00,4645.00,56.00,546.00
jd2001,4440.00,4450.00,4391.00,4415.00,4410.00,175416.00,121978.00
jd2002,4030.00,4087.00,3980.00,4045.00,3918.00,31464.00,19832.00
jd2003,4070.00,4098.00,3992.00,4048.00,3972.00,44478.00,32474.00
jd2004,4088.00,4112.00,4023.00,4080.00,4011.00,1450.00,3552.00
jd2005,4182.00,4182.00,4117.00,4148.00,4129.00,196606.00,200592.00
jd2006,4043.00,4043.00,3970.00,4006.00,3977.00,466.00,3300.00
jd2007,4035.00,4035.00,3969.00,4003.00,3989.00,1562.00,6516.00
jd2008,4529.00,4533.00,4494.00,4503.00,4489.00,1880.00,9266.00
jd2009,4480.00,4487.00,4441.00,4463.00,4446.00,6584.00,39184.00
jd2010,3990.00,3995.00,3954.00,3985.00,3945.00,1094.00,4546.00
jd2011,3910.00,3912.00,3888.00,3903.00,3895.00,300.00,446.00
jm1912,0.00,0.00,0.00,1325.00,1325.00,0.00,16.00
jm2001,1240.00,1243.50,1235.50,1238.50,1232.00,76526.00,161306.00
jm2002,0.00,0.00,0.00,1228.00,1223.00,0.00,1016.00
jm2003,0.00,0.00,0.00,1245.50,1245.50,0.00,1208.00
jm2004,0.00,0.00,0.00,1209.50,1209.50,0.00,6.00
jm2005,1170.00,1170.00,1161.50,1163.00,1159.50,15216.00,60544.00
jm2006,0.00,0.00,0.00,1179.00,1174.50,0.00,8.00
jm2007,0.00,0.00,0.00,1173.50,1173.50,0.00,8.00
jm2008,0.00,0.00,0.00,1148.00,1148.00,0.00,0.00
jm2009,1150.50,1150.50,1144.00,1144.00,1146.00,448.00,6604.00
jm2010,0.00,0.00,0.00,1133.00,1133.00,0.00,6.00
jm2011,0.00,0.00,0.00,1147.50,1147.50,0.00,0.00
JR001,0.00,0.00,0.00,0.00,2836.00,0.00,2.00
JR003,0.00,0.00,0.00,0.00,2817.00,0.00,0.00
JR005,0.00,0.00,0.00,0.00,3008.00,0.00,0.00
JR007,0.00,0.00,0.00,0.00,2979.00,0.00,0.00
JR009,0.00,0.00,0.00,0.00,3006.00,0.00,0.00
JR011,0.00,0.00,0.00,0.00,3062.00,0.00,0.00
l1912,0.00,0.00,0.00,7185.00,7185.00,0.00,0.00
l2001,7340.00,7365.00,7290.00,7290.00,7290.00,315202.00,405784.00
l2002,7365.00,7420.00,7365.00,7420.00,7320.00,4.00,574.00
l2003,0.00,0.00,0.00,7300.00,7235.00,0.00,6.00
l2004,7355.00,7355.00,7205.00,7295.00,7245.00,46.00,10.00
l2005,7260.00,7295.00,7230.00,7235.00,7230.00,155984.00,438072.00
l2006,7240.00,7240.00,7230.00,7230.00,7225.00,260.00,26.00
l2007,0.00,0.00,0.00,7270.00,7270.00,0.00,548.00
l2008,0.00,0.00,0.00,7400.00,7400.00,0.00,6.00
l2009,7255.00,7260.00,7220.00,7230.00,7225.00,7610.00,64478.00
l2010,0.00,0.00,0.00,7285.00,7285.00,0.00,0.00
l2011,0.00,0.00,0.00,7165.00,7165.00,0.00,4.00
LR001,0.00,0.00,0.00,0.00,2718.00,0.00,2.00
LR003,0.00,0.00,0.00,0.00,2550.00,0.00,2.00
LR005,0.00,0.00,0.00,0.00,2605.00,0.00,2.00
LR007,0.00,0.00,0.00,0.00,2720.00,0.00,8.00
m1912,2780.00,2780.00,2780.00,2780.00,2753.00,4.00,3000.00
m2001,2833.00,2843.00,2819.00,2836.00,2826.00,433892.00,719182.00
m2003,2774.00,2785.00,2759.00,2775.00,2774.00,128266.00,471004.00
m2005,2743.00,2761.00,2735.00,2753.00,2750.00,1720320.00,2766230.00
m2007,2764.00,2780.00,2759.00,2774.00,2766.00,126.00,2036.00
m2008,0.00,0.00,0.00,2796.00,2790.00,0.00,166.00
m2009,2801.00,2815.00,2790.00,2805.00,2805.00,284320.00,1278952.00
m2011,2806.00,2824.00,2805.00,2824.00,2814.00,56.00,64.00
MA001,1929.00,1975.00,1929.00,1973.00,1958.00,2221896.00,1652468.00
MA002,1987.00,2006.00,1965.00,2006.00,1995.00,24.00,446.00
MA003,1975.00,2021.00,1975.00,2016.00,2003.00,24382.00,45250.00
MA004,2036.00,2066.00,2036.00,2066.00,2053.00,6.00,28.00
MA005,2020.00,2068.00,2018.00,2057.00,2044.00,557380.00,682784.00
MA006,0.00,0.00,0.00,0.00,2087.00,0.00,22.00
MA007,2080.00,2104.00,2080.00,2103.00,2096.00,26.00,3214.00
MA008,2112.00,2112.00,2112.00,2112.00,2112.00,2.00,208.00
MA009,2110.00,2147.00,2105.00,2138.00,2125.00,5998.00,28644.00
MA010,2109.00,2154.00,2109.00,2154.00,2131.00,10.00,12.00
MA011,0.00,0.00,0.00,0.00,2142.00,0.00,2.00
MA912,0.00,0.00,0.00,0.00,1942.00,0.00,0.00
ni1912,108990.00,109590.00,108680.00,109070.00,109070.00,3756.00,6228.00
ni2001,108880.00,108900.00,108010.00,108390.00,108440.00,38630.00,121070.00
ni2002,108450.00,108790.00,107840.00,108240.00,108300.00,1227144.00,362622.00
ni2003,108230.00,108580.00,107700.00,108030.00,108130.00,83812.00,94224.00
ni2004,108190.00,108490.00,107670.00,108010.00,108000.00,21042.00,75632.00
ni2005,108380.00,108560.00,107690.00,107990.00,108110.00,12674.00,91876.00
ni2006,107860.00,108420.00,107720.00,107850.00,108010.00,244.00,22818.00
ni2007,107660.00,108190.00,107320.00,107950.00,107700.00,4086.00,14390.00
ni2008,107910.00,108440.00,107610.00,107640.00,107920.00,24.00,1002.00
ni2009,107970.00,108310.00,107660.00,107700.00,107980.00,76.00,1068.00
ni2010,107910.00,108310.00,107750.00,108090.00,107970.00,22.00,212.00
ni2011,108060.00,108240.00,107290.00,107430.00,107710.00,98.00,224.00
nr2002,10600.00,10770.00,10535.00,10730.00,10655.00,1370.00,23166.00
nr2003,10695.00,10865.00,10600.00,10810.00,10740.00,15748.00,49940.00
nr2004,10850.00,10940.00,10695.00,10880.00,10815.00,3790.00,29590.00
nr2005,10815.00,11010.00,10765.00,10995.00,10905.00,2942.00,5508.00
nr2006,10875.00,11070.00,10820.00,11055.00,10935.00,862.00,500.00
nr2007,0.00,0.00,0.00,10965.00,10965.00,0.00,8.00
nr2008,0.00,0.00,0.00,11085.00,11085.00,0.00,10.00
nr2009,0.00,0.00,0.00,11100.00,11100.00,0.00,4.00
nr2010,0.00,0.00,0.00,11120.00,11120.00,0.00,0.00
nr2011,0.00,0.00,0.00,11040.00,11040.00,0.00,0.00
OI001,7624.00,7629.00,7572.00,7605.00,7598.00,171986.00,154898.00
OI003,7635.00,7635.00,7530.00,7530.00,7583.00,8.00,2254.00
OI005,7423.00,7433.00,7356.00,7409.00,7390.00,84760.00,119952.00
OI007,0.00,0.00,0.00,0.00,7412.00,0.00,0.00
OI009,7340.00,7349.00,7288.00,7333.00,7312.00,2240.00,14536.00
OI011,7250.00,7360.00,7250.00,7360.00,7305.00,8.00,0.00
p1912,0.00,0.00,0.00,5500.00,5500.00,0.00,0.00
p2001,5580.00,5612.00,5502.00,5594.00,5556.00,1456858.00,470490.00
p2002,5620.00,5620.00,5574.00,5594.00,5606.00,22.00,712.00
p2003,5562.00,5724.00,5562.00,5724.00,5648.00,10.00,18.00
p2004,0.00,0.00,0.00,5652.00,5652.00,0.00,8.00
p2005,5718.00,5724.00,5616.00,5718.00,5702.00,1885876.00,832926.00
p2006,0.00,0.00,0.00,5680.00,5680.00,0.00,10.00
p2007,0.00,0.00,0.00,5700.00,5700.00,0.00,604.00
p2008,0.00,0.00,0.00,5682.00,5682.00,0.00,2.00
p2009,5534.00,5550.00,5446.00,5532.00,5524.00,31132.00,71244.00
p2010,0.00,0.00,0.00,5620.00,5670.00,0.00,6.00
p2011,5508.00,5520.00,5430.00,5520.00,5616.00,50.00,22.00
pb1912,15385.00,15390.00,15270.00,15270.00,15310.00,900.00,6670.00
pb2001,15265.00,15270.00,15030.00,15050.00,15120.00,47016.00,79342.00
pb2002,15205.00,15205.00,14930.00,14965.00,15030.00,22276.00,37856.00
pb2003,15150.00,15160.00,14915.00,14965.00,15000.00,2440.00,10004.00
pb2004,15105.00,15105.00,14930.00,14950.00,14995.00,138.00,2136.00
pb2005,15080.00,15080.00,14905.00,14940.00,14970.00,276.00,614.00
pb2006,15005.00,15040.00,14935.00,14960.00,14985.00,86.00,260.00
pb2007,15060.00,15060.00,14900.00,14900.00,14960.00,56.00,164.00
pb2008,14935.00,14955.00,14935.00,14955.00,14945.00,4.00,42.00
pb2009,14980.00,14980.00,14980.00,14980.00,14980.00,2.00,62.00
pb2010,14925.00,14970.00,14900.00,14970.00,14930.00,6.00,42.00
pb2011,15000.00,15020.00,14945.00,14945.00,14990.00,14.00,70.00
PM001,0.00,0.00,0.00,0.00,2320.00,0.00,0.00
PM003,0.00,0.00,0.00,0.00,2234.00,0.00,0.00
PM005,0.00,0.00,0.00,0.00,2220.00,0.00,0.00
PM007,0.00,0.00,0.00,0.00,2230.00,0.00,6.00
PM009,0.00,0.00,0.00,0.00,2230.00,0.00,0.00
PM011,0.00,0.00,0.00,0.00,2230.00,0.00,0.00
pp1912,0.00,0.00,0.00,8330.00,8330.00,0.00,12.00
pp2001,8130.00,8199.00,8111.00,8148.00,8086.00,602022.00,463018.00
pp2002,7861.00,7910.00,7861.00,7910.00,7903.00,34.00,82.00
pp2003,0.00,0.00,0.00,7748.00,7768.00,0.00,194.00
pp2004,0.00,0.00,0.00,7743.00,7743.00,0.00,1040.00
pp2005,7613.00,7667.00,7604.00,7664.00,7588.00,161346.00,404224.00
pp2006,0.00,0.00,0.00,7519.00,7475.00,0.00,44.00
pp2007,0.00,0.00,0.00,7457.00,7414.00,0.00,524.00
pp2008,0.00,0.00,0.00,7401.00,7358.00,0.00,0.00
pp2009,7478.00,7505.00,7442.00,7502.00,7462.00,10370.00,46618.00
pp2010,0.00,0.00,0.00,7511.00,7511.00,0.00,0.00
pp2011,0.00,0.00,0.00,7490.00,7490.00,0.00,0.00
rb1912,3760.00,3760.00,3760.00,3760.00,3760.00,60.00,120.00
rb2001,3631.00,3649.00,3596.00,3599.00,3619.00,2057360.00,1943992.00
rb2002,3516.00,3530.00,3501.00,3503.00,3517.00,324.00,13128.00
rb2003,3508.00,3520.00,3488.00,3488.00,3507.00,158.00,14482.00
rb2004,3477.00,3480.00,3455.00,3455.00,3468.00,74.00,1958.00
rb2005,3433.00,3443.00,3401.00,3403.00,3423.00,989952.00,1891008.00
rb2006,3322.00,3330.00,3299.00,3301.00,3313.00,338.00,10636.00
rb2007,3324.00,3328.00,3298.00,3298.00,3310.00,200.00,8398.00
rb2008,3345.00,3345.00,3329.00,3329.00,3333.00,28.00,2066.00
rb2009,3335.00,3343.00,3312.00,3312.00,3327.00,316.00,4060.00
rb2010,3290.00,3298.00,3261.00,3263.00,3280.00,72680.00,249022.00
rb2011,3257.00,3257.00,3230.00,3230.00,3241.00,312.00,1626.00
RI001,0.00,0.00,0.00,0.00,2644.00,0.00,0.00
RI003,0.00,0.00,0.00,0.00,2644.00,0.00,0.00
RI005,0.00,0.00,0.00,0.00,2606.00,0.00,8.00
RI007,0.00,0.00,0.00,0.00,2644.00,0.00,0.00
RI009,0.00,0.00,0.00,0.00,2631.00,0.00,0.00
RI011,0.00,0.00,0.00,0.00,2632.00,0.00,0.00
RM001,2202.00,2241.00,2199.00,2237.00,2220.00,784180.00,283276.00
RM003,2211.00,2251.00,2211.00,2249.00,2225.00,826.00,1730.00
RM005,2266.00,2296.00,2262.00,2289.00,2278.00,253586.00,289634.00
RM007,2280.00,2298.00,2280.00,2298.00,2293.00,8.00,1990.00
RM008,0.00,0.00,0.00,0.00,2301.00,0.00,4.00
RM009,2277.00,2300.00,2274.00,2294.00,2286.00,23286.00,47076.00
RM011,2261.00,2281.00,2260.00,2277.00,2264.00,2050.00,5912.00
rr2001,3536.00,3544.00,3502.00,3508.00,3554.00,1338.00,10002.00
rr2002,3471.00,3471.00,3461.00,3461.00,3451.00,6.00,226.00
rr2003,0.00,0.00,0.00,3487.00,3487.00,0.00,176.00
rr2004,3500.00,3500.00,3500.00,3500.00,3500.00,30.00,216.00
rr2005,3500.00,3500.00,3492.00,3495.00,3501.00,582.00,6302.00
rr2006,0.00,0.00,0.00,3510.00,3556.00,0.00,24.00
rr2007,0.00,0.00,0.00,3537.00,3542.00,0.00,0.00
rr2008,3510.00,3512.00,3503.00,3503.00,3500.00,24.00,370.00
rr2009,0.00,0.00,0.00,3519.00,3519.00,0.00,14.00
rr2010,0.00,0.00,0.00,3510.00,3503.00,0.00,4.00
rr2011,0.00,0.00,0.00,3499.00,3493.00,0.00,0.00
RS007,4325.00,4339.00,4321.00,4339.00,4330.00,8.00,14.00
RS008,0.00,0.00,0.00,0.00,4183.00,0.00,6.00
RS009,0.00,0.00,0.00,0.00,4300.00,0.00,6.00
RS011,0.00,0.00,0.00,0.00,4300.00,0.00,0.00
ru2001,12410.00,12495.00,12300.00,12470.00,12400.00,130990.00,112934.00
ru2003,12485.00,12595.00,12485.00,12595.00,12520.00,18.00,36.00
ru2004,12665.00,12665.00,12650.00,12650.00,12655.00,8.00,58.00
ru2005,12650.00,12770.00,12565.00,12745.00,12670.00,339930.00,343408.00
ru2006,12775.00,12780.00,12715.00,12780.00,12750.00,10.00,52.00
ru2007,12775.00,12865.00,12775.00,12845.00,12835.00,10.00,22.00
ru2008,12815.00,12835.00,12815.00,12835.00,12825.00,4.00,54.00
ru2009,12760.00,12890.00,12700.00,12865.00,12795.00,16194.00,39352.00
ru2010,0.00,0.00,0.00,12975.00,12975.00,0.00,8.00
ru2011,0.00,0.00,0.00,12890.00,12890.00,0.00,40.00
sc2001,453.90,455.00,449.80,450.50,452.00,168514.00,27036.00
sc2002,449.60,450.60,445.70,446.20,447.70,9846.00,14754.00
sc2003,445.60,445.60,442.00,442.50,443.60,1022.00,3848.00
sc2004,439.80,441.60,437.80,437.80,439.50,206.00,744.00
sc2005,436.90,438.00,433.60,434.00,435.30,230.00,958.00
sc2006,432.50,433.00,429.80,432.00,431.70,22.00,206.00
sc2007,430.60,430.60,430.60,430.60,430.60,2.00,78.00
sc2008,0.00,0.00,0.00,436.50,436.50,0.00,0.00
sc2009,0.00,0.00,0.00,430.10,430.10,0.00,66.00
sc2010,0.00,0.00,0.00,429.40,429.40,0.00,2.00
sc2011,0.00,0.00,0.00,437.00,437.00,0.00,4.00
sc2012,0.00,0.00,0.00,428.20,428.20,0.00,60.00
sc2103,0.00,0.00,0.00,434.90,434.90,0.00,40.00
sc2106,0.00,0.00,0.00,418.70,418.70,0.00,10.00
sc2109,0.00,0.00,0.00,424.00,424.00,0.00,16.00
sc2112,0.00,0.00,0.00,419.40,419.40,0.00,24.00
sc2203,0.00,0.00,0.00,416.40,416.40,0.00,38.00
sc2206,416.90,416.90,412.00,412.80,413.70,22.00,82.00
sc2209,0.00,0.00,0.00,415.00,415.00,0.00,26.00
sc2212,412.10,415.00,412.10,415.00,413.50,4.00,6.00
SF001,5768.00,5782.00,5720.00,5754.00,5738.00,68716.00,116974.00
SF002,0.00,0.00,0.00,0.00,5658.00,0.00,1060.00
SF003,0.00,0.00,0.00,0.00,5830.00,0.00,2.00
SF004,0.00,0.00,0.00,0.00,5958.00,0.00,0.00
SF005,5730.00,5746.00,5708.00,5726.00,5718.00,9806.00,36886.00
SF006,0.00,0.00,0.00,0.00,5564.00,0.00,0.00
SF007,0.00,0.00,0.00,0.00,5866.00,0.00,2.00
SF008,0.00,0.00,0.00,0.00,5768.00,0.00,0.00
SF009,5720.00,5742.00,5708.00,5720.00,5716.00,140.00,2056.00
SF010,0.00,0.00,0.00,0.00,5714.00,0.00,0.00
SF011,0.00,0.00,0.00,0.00,5764.00,0.00,0.00
SF912,0.00,0.00,0.00,0.00,5666.00,0.00,0.00
SM001,6136.00,6216.00,6094.00,6108.00,6142.00,87336.00,145540.00
SM002,0.00,0.00,0.00,0.00,6060.00,0.00,0.00
SM003,0.00,0.00,0.00,0.00,6232.00,0.00,0.00
SM004,0.00,0.00,0.00,0.00,6198.00,0.00,52.00
SM005,6042.00,6082.00,6006.00,6020.00,6042.00,21402.00,68006.00
SM006,0.00,0.00,0.00,0.00,6084.00,0.00,38.00
SM007,0.00,0.00,0.00,0.00,6246.00,0.00,0.00
SM008,0.00,0.00,0.00,0.00,5894.00,0.00,0.00
SM009,6026.00,6058.00,5988.00,5990.00,6018.00,816.00,5896.00
SM010,0.00,0.00,0.00,0.00,5996.00,0.00,0.00
SM011,0.00,0.00,0.00,0.00,6330.00,0.00,4.00
SM912,0.00,0.00,0.00,0.00,6150.00,0.00,0.00
sn1912,0.00,0.00,0.00,136650.00,136650.00,0.00,0.00
sn2001,139300.00,139300.00,137900.00,138600.00,138500.00,15634.00,24714.00
sn2002,0.00,0.00,0.00,137500.00,137500.00,0.00,4.00
sn2003,0.00,0.00,0.00,137350.00,137350.00,0.00,0.00
sn2004,0.00,0.00,0.00,139480.00,139480.00,0.00,0.00
sn2005,136640.00,136970.00,136060.00,136610.00,136470.00,4466.00,25282.00
sn2006,0.00,0.00,0.00,135950.00,135950.00,0.00,0.00
sn2007,0.00,0.00,0.00,137490.00,137490.00,0.00,0.00
sn2008,0.00,0.00,0.00,135190.00,135190.00,0.00,2.00
sn2009,136180.00,136180.00,136180.00,136180.00,136180.00,2.00,164.00
sn2010,0.00,0.00,0.00,137480.00,137480.00,0.00,4.00
sn2011,0.00,0.00,0.00,137600.00,137600.00,0.00,0.00
sp1912,0.00,0.00,0.00,4312.00,4312.00,0.00,200.00
sp2001,4398.00,4422.00,4392.00,4408.00,4406.00,114978.00,204364.00
sp2002,4434.00,4470.00,4434.00,4470.00,4456.00,20.00,80.00
sp2003,0.00,0.00,0.00,4556.00,4556.00,0.00,22.00
sp2004,0.00,0.00,0.00,4584.00,4584.00,0.00,46.00
sp2005,4526.00,4554.00,4522.00,4540.00,4538.00,34836.00,99428.00
sp2006,0.00,0.00,0.00,4556.00,4556.00,0.00,24.00
sp2007,4556.00,4556.00,4556.00,4556.00,4556.00,14.00,46.00
sp2008,4606.00,4620.00,4606.00,4620.00,4612.00,4.00,48.00
sp2009,4650.00,4662.00,4640.00,4654.00,4652.00,24.00,464.00
sp2010,0.00,0.00,0.00,4754.00,4754.00,0.00,4.00
sp2011,4658.00,4658.00,4658.00,4658.00,4658.00,2.00,4.00
SR001,5547.00,5570.00,5520.00,5564.00,5543.00,481558.00,327538.00
SR003,5475.00,5494.00,5441.00,5492.00,5468.00,22768.00,37294.00
SR005,5416.00,5436.00,5375.00,5431.00,5408.00,274628.00,392860.00
SR007,5399.00,5435.00,5385.00,5431.00,5408.00,70.00,3358.00
SR009,5470.00,5485.00,5424.00,5479.00,5456.00,14098.00,94974.00
SR011,0.00,0.00,0.00,0.00,5488.00,0.00,22.00
ss2002,13930.00,14075.00,13925.00,14020.00,14005.00,6460.00,18118.00
ss2003,0.00,0.00,0.00,13970.00,13970.00,0.00,30.00
ss2004,14005.00,14005.00,14005.00,14005.00,14005.00,2.00,14.00
ss2005,13880.00,13980.00,13880.00,13940.00,13940.00,234.00,2792.00
ss2006,0.00,0.00,0.00,14035.00,14035.00,0.00,48.00
ss2007,13685.00,13810.00,13685.00,13810.00,13765.00,6.00,16.00
ss2008,0.00,0.00,0.00,13945.00,13945.00,0.00,6.00
ss2009,13885.00,13885.00,13870.00,13870.00,13875.00,4.00,120.00
ss2010,0.00,0.00,0.00,13835.00,13835.00,0.00,10.00
ss2011,13830.00,13830.00,13830.00,13830.00,13830.00,2.00,2.00
T1912,98.16,98.16,98.16,98.16,98.16,11.00,625.00
T2003,97.72,97.80,97.68,97.79,97.76,25740.00,74789.00
T2006,97.40,97.48,97.34,97.45,97.43,755.00,2544.00
TA001,4760.00,4806.00,4736.00,4752.00,4766.00,1000008.00,1259790.00
TA002,0.00,0.00,0.00,0.00,4748.00,0.00,132.00
TA003,4760.00,4792.00,4742.00,4768.00,4762.00,89528.00,220984.00
TA004,0.00,0.00,0.00,0.00,4774.00,0.00,248.00
TA005,4790.00,4822.00,4776.00,4794.00,4796.00,272968.00,752150.00
TA006,0.00,0.00,0.00,0.00,4812.00,0.00,70.00
TA007,4822.00,4844.00,4810.00,4824.00,4822.00,8372.00,43100.00
TA008,0.00,0.00,0.00,0.00,4856.00,0.00,514.00
TA009,4858.00,4874.00,4846.00,4862.00,4862.00,9704.00,58474.00
TA010,0.00,0.00,0.00,0.00,4902.00,0.00,4.00
TA011,4864.00,4902.00,4864.00,4900.00,4892.00,1868.00,6874.00
TA912,0.00,0.00,0.00,0.00,4750.00,0.00,66.00
TF1912,0.00,0.00,3200.00,0.03,0.00,99.99,0.01
TF2003,99.51,99.60,99.51,99.60,99.56,7416.00,21343.00
TF2006,99.38,99.38,99.26,99.34,99.30,89.00,909.00
TS1912,100.42,100.44,100.42,100.44,100.44,121.00,564.00
TS2003,100.20,100.23,100.20,100.22,100.22,27916.00,11013.00
TS2006,99.98,100.06,99.98,100.06,100.05,1338.00,1977.00
UR001,1663.00,1671.00,1658.00,1661.00,1662.00,24918.00,70602.00
UR002,1665.00,1678.00,1662.00,1678.00,1666.00,10.00,182.00
UR003,1713.00,1716.00,1713.00,1716.00,1714.00,76.00,110.00
UR004,0.00,0.00,0.00,0.00,1737.00,0.00,24.00
UR005,1724.00,1728.00,1711.00,1715.00,1716.00,14028.00,44644.00
UR006,1740.00,1740.00,1740.00,1740.00,1740.00,2.00,14.00
UR007,1730.00,1730.00,1726.00,1730.00,1728.00,8.00,5004.00
UR008,0.00,0.00,0.00,0.00,1729.00,0.00,14.00
UR009,1713.00,1713.00,1699.00,1703.00,1704.00,302.00,1856.00
UR010,0.00,0.00,0.00,0.00,1697.00,0.00,12.00
UR011,0.00,0.00,0.00,0.00,1690.00,0.00,0.00
v1912,0.00,0.00,0.00,6780.00,6780.00,0.00,0.00
v2001,6910.00,6915.00,6810.00,6810.00,6880.00,338430.00,386252.00
v2002,6630.00,6630.00,6455.00,6470.00,6695.00,572.00,670.00
v2003,0.00,0.00,0.00,6310.00,6310.00,0.00,6.00
v2004,0.00,0.00,0.00,6110.00,6200.00,0.00,0.00
v2005,6560.00,6560.00,6490.00,6505.00,6535.00,80530.00,240564.00
v2006,0.00,0.00,0.00,6425.00,6440.00,0.00,10.00
v2007,0.00,0.00,0.00,6355.00,6370.00,0.00,520.00
v2008,0.00,0.00,0.00,6430.00,6430.00,0.00,0.00
v2009,6430.00,6440.00,6365.00,6370.00,6430.00,9296.00,42600.00
v2010,0.00,0.00,0.00,6300.00,6300.00,0.00,0.00
v2011,0.00,0.00,0.00,6195.00,6230.00,0.00,0.00
WH001,2388.00,2402.00,2372.00,2402.00,2387.00,22.00,224.00
WH003,2539.00,2560.00,2536.00,2536.00,2546.00,24.00,116.00
WH005,0.00,0.00,0.00,0.00,2525.00,0.00,20.00
WH007,0.00,0.00,0.00,0.00,2759.00,0.00,0.00
WH009,0.00,0.00,0.00,0.00,2575.00,0.00,0.00
WH011,0.00,0.00,0.00,0.00,2477.00,0.00,0.00
wr1912,0.00,0.00,0.00,3948.00,3948.00,0.00,0.00
wr2001,4047.00,4047.00,3985.00,3996.00,4004.00,560.00,234.00
wr2002,0.00,0.00,0.00,3957.00,3957.00,0.00,0.00
wr2003,0.00,0.00,0.00,3973.00,3973.00,0.00,0.00
wr2004,0.00,0.00,0.00,3935.00,3935.00,0.00,0.00
wr2005,0.00,0.00,0.00,3923.00,3923.00,0.00,0.00
wr2006,0.00,0.00,0.00,3955.00,3955.00,0.00,0.00
wr2007,0.00,0.00,0.00,4067.00,4067.00,0.00,0.00
wr2008,0.00,0.00,0.00,4071.00,4071.00,0.00,0.00
wr2009,0.00,0.00,0.00,4048.00,4048.00,0.00,0.00
wr2010,0.00,0.00,0.00,3883.00,3883.00,0.00,0.00
wr2011,0.00,0.00,0.00,3831.00,3831.00,0.00,0.00
y1912,0.00,0.00,0.00,6122.00,6122.00,0.00,4.00
y2001,6234.00,6252.00,6170.00,6244.00,6236.00,197902.00,280024.00
y2003,0.00,0.00,0.00,6368.00,6368.00,0.00,724.00
y2005,6224.00,6248.00,6156.00,6236.00,6232.00,802138.00,875386.00
y2007,0.00,0.00,0.00,6236.00,6236.00,0.00,530.00
y2008,0.00,0.00,0.00,6198.00,6198.00,0.00,0.00
y2009,6186.00,6194.00,6102.00,6180.00,6192.00,33068.00,209048.00
y2011,6176.00,6176.00,6176.00,6176.00,6280.00,2.00,2.00
ZC001,550.60,554.40,550.40,551.60,552.60,77692.00,212454.00
ZC002,0.00,0.00,0.00,0.00,547.40,0.00,4.00
ZC003,544.20,546.00,540.60,542.80,544.20,49340.00,89974.00
ZC004,0.00,0.00,0.00,0.00,542.00,0.00,0.00
ZC005,540.60,541.80,535.20,538.20,539.40,33332.00,176930.00
ZC006,0.00,0.00,0.00,0.00,540.80,0.00,2.00
ZC007,540.40,544.00,540.00,541.60,543.40,1916.00,15604.00
ZC008,0.00,0.00,0.00,0.00,543.20,0.00,0.00
ZC009,544.60,545.60,540.80,541.60,542.60,1566.00,22374.00
ZC010,0.00,0.00,0.00,0.00,542.60,0.00,0.00
ZC011,545.80,545.80,543.20,543.20,545.80,1204.00,1958.00
ZC912,0.00,0.00,0.00,0.00,557.60,0.00,0.00
zn1912,17650.00,17995.00,17540.00,17960.00,17870.00,15160.00,25470.00
zn2001,17775.00,17870.00,17680.00,17815.00,17765.00,213260.00,177568.00
zn2002,17695.00,17785.00,17605.00,17715.00,17690.00,120440.00,176058.00
zn2003,17680.00,17750.00,17595.00,17690.00,17670.00,30818.00,68168.00
zn2004,17695.00,17745.00,17605.00,17695.00,17675.00,4230.00,27638.00
zn2005,17675.00,17745.00,17620.00,17685.00,17675.00,3736.00,29834.00
zn2006,17730.00,17740.00,17620.00,17700.00,17690.00,4178.00,13830.00
zn2007,17640.00,17750.00,17640.00,17750.00,17715.00,8.00,402.00
zn2008,17715.00,17770.00,17715.00,17770.00,17740.00,4.00,134.00
zn2009,17755.00,17755.00,17710.00,17735.00,17730.00,6.00,562.00
zn2010,17465.00,18555.00,17465.00,17745.00,17710.00,56.00,194.00
zn2011,0.00,0.00,0.00,17770.00,17770.00,0.00,104.00
